time,x,y,z,phi,theta,psi,x_velocity,y_velocity,z_velocity,phi_velocity,theta_velocity,psi_velocity,rotor_speed1,rotor_speed2,rotor_speed3,rotor_speed4
0.06,8.34276441133e-08,3.86803253588e-07,7.00354520783,0.000340317477479,6.28303706838,0.0,9.99168112537e-06,3.2702151905e-05,0.118167917878,0.015112993657,-0.00793730828415,0.0,442.5670657336415,441.913449907497,442.3913742808818,443.6337406682722
0.12000000000000001,4.79121222122e-06,1.39842114356e-05,7.01588082785,0.00124121029403,0.000205879687321,0.0,0.000143796423749,0.000522749843279,0.292990036397,0.0148179358512,0.0247031404647,0.0,458.48485343906583,461.07037801978134,460.34482347327116,460.32136745182737
0.18,2.58541407559e-06,7.81668030442e-05,7.03852085508,0.00274542440949,0.00156746988398,0.0,-0.000377176413644,0.00175684959389,0.461623601844,0.0402029319984,0.0183358272439,0.0,459.01805663869493,458.5125822669706,456.77095107296276,458.79064806627287
0.23999999999999996,-5.40155469426e-05,0.000244595312423,7.06755984659,0.00551524848776,0.00298540643102,0.0,-0.00162918973289,0.00403574445253,0.506322552507,0.0560019319326,0.0325422168173,0.0,418.4690148542962,419.7037329869794,418.6714592527615,420.044958856764
0.3,-0.00021487922289,0.000602712579349,7.09916224611,0.00898514021481,0.00473739511183,0.0,-0.00390651381175,0.00821998471516,0.547069052028,0.0612589277008,0.0215001934036,0.0,417.64969438298107,416.685969328243,418.52359575858355,418.9833591031522
0.36000000000000004,-0.000569241460389,0.00133010731466,7.13832030113,0.013895270971,0.00645063404053,0.0,-0.00808617011719,0.016553740554,0.758076520251,0.106165906636,0.039852880522,0.0,469.7688851947718,471.1897962430486,470.10824701895194,473.578962237237
0.4200000000000001,-0.00117138322694,0.0025791598774,7.18311542792,0.0202820000165,0.00881467037241,0.0,-0.0121846078816,0.02561603696,0.735099488467,0.106998384309,0.0384806061991,0.0,395.86027924528884,395.7349907951365,397.35323577237193,397.44093615395025
0.48000000000000015,-0.00211014042078,0.00459798959315,7.23200142632,0.0267499985307,0.0113514805842,0.0,-0.0193757291204,0.0423896305486,0.894303404633,0.109355494606,0.0489618670655,0.0,455.96312432537104,456.80049521730825,455.39761853194483,455.596001975275
0.5400000000000001,-0.0035283755464,0.00774201277747,7.28945772629,0.0337195616275,0.014598150607,0.0,-0.0282268943519,0.0631273807523,1.02077610188,0.127124836634,0.0628084716449,0.0,444.44302488438257,445.5782151116831,446.5713012357534,448.03000375015677
0.6000000000000002,-0.00556732811278,0.0123219409356,7.35559267349,0.0410708396601,0.0178821653901,0.0,-0.0401390410263,0.0903668462187,1.18352948374,0.111215537714,0.0291527952642,0.0,459.16927771098693,456.4935431400991,458.0239099940803,456.7700352786826
0.6600000000000003,-0.00840479065078,0.0187402277894,7.43247536396,0.0480325758635,0.0198896679225,0.0,-0.0546588040578,0.124359636254,1.37897073464,0.124235054147,0.0409150538339,0.0,467.89841598640567,468.81351052515805,466.8421207131519,467.86801405514905
0.7200000000000003,-0.0120640603355,0.0271233728112,7.51619200705,0.0556023134483,0.0219247512208,0.0,-0.0675285643919,0.155767152603,1.41150194652,0.129758699123,0.0138012982373,0.0,418.72727312223685,416.36257815726697,416.59448190982,417.09276707506433
0.7800000000000004,-0.01655018013,0.0375913864373,7.60286404851,0.0639642281091,0.0224141372036,0.0,-0.082074369086,0.193948275077,1.47743127839,0.153759703445,-0.0066032055812,0.0,429.7478928509523,428.01493261281075,426.85910738230086,428.92059505563554
0.8400000000000004,-0.0219688619916,0.0506788453105,7.6959120982,0.07336586163,0.0215679019865,0.0,-0.0984845104427,0.243300614108,1.62390016867,0.161990562764,-0.0366053320295,0.0,456.01797144640386,453.6153040064997,453.1047680746493,453.78858241504895
0.9000000000000005,-0.0284303611869,0.0672334538554,7.80167841986,0.0831044266139,0.0188246117811,0.0,-0.116591590044,0.309733673814,1.90112452936,0.162938779704,-0.0787345544855,0.0,493.6498505937206,490.53003064323576,494.2909594016102,494.38299381012183
0.9600000000000005,-0.0357740922062,0.0874607777548,7.91740445902,0.0929917703351,0.0138224065187,0.0,-0.127734899319,0.365438036008,1.95623340844,0.168249693699,-0.0947794040814,0.0,427.22044303877493,425.8441223613322,427.031252682133,427.51109137435196
1.0200000000000005,-0.0437641564331,0.11179856259,8.04247642286,0.1034253556,0.00833741354579,0.0,-0.137894379071,0.447060101029,2.21223809116,0.18328223156,-0.0854245913033,0.0,488.81112649456276,489.5014892617979,487.5791246399913,488.7267319144795
1.0800000000000005,-0.0521865841404,0.140732076335,8.17750504548,0.11420675722,0.00297587053532,0.0,-0.142334960731,0.518442824218,2.28843533529,0.171326470492,-0.0986875796961,0.0,435.64306783064933,434.5257307276651,436.29419080956893,435.3266710088073
1.1400000000000006,-0.060776855399,0.174834828642,8.32286495152,0.124624177518,6.28071203723,0.0,-0.143285732131,0.61955453243,2.55614980409,0.177856434198,-0.0784908084123,0.0,492.8779418813198,494.36207389542807,493.8110115639118,494.3180671275593
1.2000000000000006,-0.0693060438643,0.214604658444,8.47900698828,0.135133288381,6.27600069402,0.0,-0.140543289731,0.707137903028,2.64820423589,0.169114367593,-0.0785855802826,0.0,442.59045479602304,442.5777035593017,443.2066978661919,442.5172275467214
1.2600000000000007,-0.0776035875277,0.259337717349,8.636993833,0.145431879153,6.27147670053,0.0,-0.135656434882,0.784807373684,2.61794223648,0.176267522344,-0.0696912434921,0.0,402.1675792817569,402.9672411863402,402.855213120242,403.53300685969793
1.3200000000000007,-0.0854176335404,0.310267697616,8.80233050051,0.156322897372,6.26768699826,0.0,-0.124309381193,0.914115603962,2.89235375668,0.190349206166,-0.0525550662228,0.0,497.172533782158,498.42392514563034,498.42855594287875,499.48433566031537
1.3800000000000008,-0.0925296737081,0.368516532865,8.97956132589,0.167505557746,6.26447990939,0.0,-0.112425791492,1.02863136474,3.01476523203,0.176953111049,-0.0553067051891,0.0,454.84505377154073,454.6228167285074,456.3443330861468,455.30638717052517
1.4400000000000008,-0.0988577341978,0.433886055295,9.1641851023,0.179238493319,6.2617010112,0.0,-0.0981956830639,1.15146249694,3.13874065912,0.2183886133,-0.0326240351613,0.0,456.5241884775135,458.32917865595095,454.88338288487273,458.22393695203584
1.5000000000000009,-0.104228785986,0.507276457792,9.35834606745,0.193046957189,6.25980163057,0.0,-0.0806264685921,1.29631542277,3.33234707259,0.246855964231,-0.0297883205364,0.0,479.21161301116706,479.42684229805,478.48143106348823,480.6911799604249
1.560000000000001,-0.108506788528,0.589636560863,9.56381492936,0.207768070127,6.25791554436,0.0,-0.061775846695,1.45055771688,3.51559820038,0.242167039034,-0.0349489773627,0.0,479.55104172968197,479.15859103064344,477.5152439780981,477.2130997187972
1.620000000000001,-0.111567255962,0.681918018166,9.78175588605,0.222498466403,6.25541120284,0.0,-0.0399842141917,1.62705643881,3.74781361591,0.251454062423,-0.0609462975339,0.0,496.3800927946463,494.46763050420066,493.8292632584573,494.5673965888166
1.680000000000001,-0.113323105736,0.78457435594,10.0110345693,0.237847858361,6.25137046755,0.0,-0.0181395834322,1.79630052067,3.89375160068,0.263362402882,-0.0849289586143,0.0,472.6605820504845,470.80520524500184,471.5068814959069,472.4873564791405
1.740000000000001,-0.113752589599,0.897125799887,10.2465619344,0.253911621977,6.24619602545,0.0,0.00431927407859,1.95682389375,3.95636371011,0.27526464947,-0.0890004985002,0.0,448.356837980169,448.0198164227991,447.42905698426426,448.46850948200057
1.8000000000000012,-0.112682839276,1.01993440488,10.4869537081,0.272110310003,6.24091674251,0.0,0.0318748676108,2.13840567523,4.05561899322,0.332248833687,-0.0860376651429,0.0,461.6211075746059,461.84875473687714,459.0189835853808,463.60388939589274
1.8600000000000012,-0.110013560979,1.15297496989,10.729511767,0.291733441496,6.23619270548,0.0,0.0575197842628,2.2978558329,4.02902685044,0.313882399379,-0.0671174713287,0.0,423.1075514059362,424.7280685351721,422.03754001246887,420.56472403268344
1.9200000000000013,-0.105643548214,1.29640503013,10.9720284439,0.311017375537,6.23218078993,0.0,0.0885104342156,2.48472536948,4.05394644096,0.333265310592,-0.0663657959167,0.0,441.9693216263269,442.02791354882675,440.1894305367009,441.8963965205828
1.9800000000000013,-0.099257665813,1.45187289016,11.2173897776,0.330959589504,6.22855210172,0.0,0.124707431164,2.69923880339,4.12351283978,0.330522642853,-0.0507417656743,0.0,457.4638810759184,458.70387201272496,458.5149976983527,458.40666318910905
2.0400000000000014,-0.0906783890313,1.62029253648,11.4659237887,0.350392923306,6.22534764515,0.0,0.161543781053,2.91633668077,4.15979548471,0.305414436216,-0.0593553749302,0.0,450.9225911890057,450.2242755492335,450.780672322357,448.85203375407946
2.1000000000000014,-0.0796430886597,1.80315392233,11.7194009314,0.368731638455,6.22209405559,0.0,0.206622457657,3.1805622494,4.28774834798,0.306101742424,-0.0455585763705,0.0,482.5733875553622,483.6120726615462,481.0930364193193,481.23251567522885
2.1600000000000015,-0.0661795097247,2.00019698129,11.97514862,0.386928176575,6.21916782779,0.0,0.242388999769,3.38883220253,4.23638181406,0.296939896044,-0.0561216023281,0.0,426.8384980091293,425.9343224896126,426.8667295120242,426.18196303519466
2.2200000000000015,-0.0501004505687,2.2124646776,12.2336639378,0.404748232587,6.21616171479,0.0,0.293867044043,3.68811370613,4.37882829881,0.297122419797,-0.0401831489546,0.0,492.2825500511058,493.4592853416813,491.8045700893842,491.8985169030901
2.2800000000000016,-0.0308549467963,2.44312176253,12.5007013206,0.422970685364,6.21371046193,0.0,0.347840743577,4.00175742585,4.52030479292,0.314369118696,-0.0422309304259,0.0,495.9004985238541,495.74934858387127,495.9867230074518,497.3347565744752
2.3400000000000016,-0.00820806142555,2.69359712429,12.7774099427,0.441478705388,6.21065548792,0.0,0.407264205425,4.34871750439,4.70075037949,0.292837046187,-0.0804485272679,0.0,514.965181129679,512.2525889129075,512.4703961427683,511.0201658990378
2.4000000000000017,0.0176905398734,2.96293872948,13.0598202175,0.458917380962,6.20614175676,0.0,0.456411410358,4.63038182134,4.71138945067,0.285866369277,-0.0664320947348,0.0,462.3067243589377,463.405754659028,465.2507444610561,464.7862248889751
2.4600000000000017,0.0466265200729,3.24947761109,13.3427425458,0.476488132754,6.20172244264,0.0,0.508450299882,4.92188336248,4.71775490742,0.304026272179,-0.0947937192087,0.0,466.4533271363137,464.2284051753412,465.9405833593779,467.4404869685589
2.520000000000002,0.07812965104,3.5501727752,13.6189293562,0.495436216448,6.19637469166,0.0,0.542016429046,5.102346993,4.48838023216,0.332529653436,-0.0797046537232,0.0,380.8466140821116,382.27935823651853,380.4554986008495,383.2934234529211
2.580000000000002,0.112136966639,3.86420328826,13.8855267751,0.51498871146,6.19126386699,0.0,0.591921580333,5.36638807248,4.39697705673,0.307313905569,-0.0993339741103,0.0,436.74064021642704,435.09362192491994,437.83285273335014,435.8392948696906
2.640000000000002,0.150055248908,4.19872383253,14.1541894733,0.534124237248,6.18522063606,0.0,0.672564210304,5.78505500861,4.55528757643,0.335484244014,-0.103646283232,0.0,523.9924309813679,523.6854204064714,522.6926546324449,524.7383478185553
2.700000000000002,0.191898072264,4.5532469686,14.4228592134,0.553771456149,6.17918974103,0.0,0.722616562298,6.03333212799,4.39940829036,0.302250684926,-0.0948950993877,0.0,421.6577326652829,422.4039335335682,423.18034870531636,420.4235242471888
2.760000000000002,0.237567239052,4.92656357009,14.6879522073,0.571304630926,6.173227091,0.0,0.800127410465,6.41108246666,4.4345530571,0.242800180357,-0.110315817831,0.0,495.17511109812466,494.0316084563451,495.1932454638569,490.87231533558673
2.820000000000002,0.287296009008,5.31928631065,14.9495153821,0.585809299813,6.16656512965,0.0,0.857953061389,6.6801360276,4.28335359791,0.239549503724,-0.112505059031,0.0,431.8601302171605,431.6640596110407,431.5692112178021,431.35500602211437
2.880000000000002,0.340676991633,5.72866624281,15.2024685486,0.600119493844,6.16004915612,0.0,0.921861732992,6.9662059959,4.14737779397,0.236328614978,-0.101757451969,0.0,439.6470125293147,440.5262858658337,439.7553291232209,439.545828791398
2.940000000000002,0.397924053898,6.15502871786,15.4466944146,0.614369020601,6.15459380985,0.0,0.986738687226,7.2461883375,3.9925446427,0.239718749432,-0.0751604743984,0.0,434.01860030179733,436.23831545932086,435.09698681849926,435.43835028825447
3.000000000000002,0.459272223127,6.59888795727,15.6823374825,0.628839708426,6.14992052572,0.0,1.05846029266,7.54931348677,3.86102302815,0.243942431849,-0.0839892695237,0.0,447.3147034207736,446.5901090999997,446.7189743613512,447.12107950135527
3.0600000000000023,0.525707733634,7.0641601573,15.9142040197,0.643944841161,6.14471139657,0.0,1.15631459344,7.9595009793,3.86538248581,0.263993002936,-0.0931772800119,0.0,500.96170379565314,500.28764260766667,499.76292058794144,501.27785192242976
3.1200000000000023,0.596883183477,7.54890718807,16.1390928671,0.659540988893,6.14023310409,0.0,1.21647897892,8.19912900104,3.63035677196,0.250273120232,-0.0518263331891,0.0,411.45053882800266,415.09096555515254,414.6973660737059,413.5632395238039
3.1800000000000024,0.672897329969,8.05314319818,16.3562307154,0.674400911514,6.13773907398,0.0,1.31729364555,8.6083263931,3.60515726349,0.241873784569,-0.0264289181968,0.0,497.2696268527589,499.1262727400378,498.7581580030225,498.1982635889911
3.2400000000000024,0.754745000801,8.58099669632,16.5703249286,0.688981660036,6.13571851237,0.0,1.41084965168,8.9863985626,3.52928650303,0.245193442005,-0.054940103498,0.0,487.19554590611847,485.05794245261274,484.61505703896563,484.91823658028187
3.3000000000000025,0.841468357057,9.12834817235,16.7757097587,0.703925037455,6.13269671665,0.0,1.4800415018,9.25870096687,3.31599964037,0.255824983633,-0.0425018313931,0.0,435.18073099386606,436.2193306693158,435.10324182762974,436.0560801474095
3.3600000000000025,0.932544355681,9.69282586629,16.969030509,0.71891323899,6.13002402095,0.0,1.55585720167,9.55709972504,3.12683119967,0.233719176731,-0.0489794704071,0.0,448.42437322361724,447.8965436894812,449.6388197133721,447.9050562775738
3.4200000000000026,1.02802478929,10.2745229958,17.1500271757,0.733549666399,6.12717894079,0.0,1.62689597439,9.83269510401,2.9055111967,0.259015549788,-0.0444658389688,0.0,437.2557045063865,437.6303161607527,437.4065385119306,439.56838511769604
3.4800000000000026,1.12777034952,10.8726953144,17.3175163615,0.749016469041,6.12473104404,0.0,1.69798862428,10.106266089,2.67650861713,0.255192888446,-0.0343224257997,0.0,436.8744255764355,437.71879032907515,437.5301689800603,437.27965707799734
3.5400000000000027,1.23306726838,11.4927247939,17.476925648,0.764469676322,6.12309628,0.0,1.81161188945,10.5601806385,2.63422283646,0.261890925448,-0.0159178879785,0.0,515.8971814638787,517.1953798369113,516.6842444507076,517.212811441034
3.6000000000000028,1.34439054917,12.1366403212,17.6299945998,0.780312254481,6.12178054126,0.0,1.89895140232,10.903012611,2.46630908347,0.268024331274,-0.0380206290347,0.0,475.3912853696951,473.6939234473004,473.3826036196903,473.91997279555824
3.660000000000003,1.46067973329,12.7999583676,17.7715960057,0.796617432298,6.11934046198,0.0,1.97727992142,11.2070749505,2.2523257724,0.278312247371,-0.0465703129911,0.0,459.7203261374482,459.0412691870259,458.77845566479976,459.6667085121997
3.720000000000003,1.58212799662,13.4834603259,17.9020596467,0.813663937185,6.1169448983,0.0,2.07081686374,11.5753312595,2.09425839131,0.293702075635,-0.0291651268765,0.0,487.91758734985734,489.21508986951324,486.5449050832784,487.7698702462324
3.780000000000003,1.70824409334,14.184949092,18.018922991,0.831982978379,6.1153921151,0.0,2.13299715872,11.8074468715,1.80035378075,0.321881443758,-0.0200084751739,0.0,432.2904882204509,433.061600145666,431.48055342279775,433.9503428955443
3.840000000000003,1.83849560173,14.9021618322,18.1196346458,0.851131662012,6.11371970635,0.0,2.20851496394,12.0990194516,1.55509055653,0.313035422598,-0.0522764926078,0.0,459.8304783195419,457.26557675393167,459.8127808645798,459.21160845390796
3.900000000000003,1.97349280674,15.6378232945,18.2062529753,0.871694851152,6.11075243084,0.0,2.29122455636,12.422075959,1.33011855833,0.372503757442,-0.0443378104119,0.0,473.431720418175,474.04105005575275,471.3367133274825,476.0185050161444
3.960000000000003,2.11297046915,16.3907290161,18.2773120579,0.893645507836,6.10788525732,0.0,2.35790501177,12.6742225152,1.0369840653,0.347273840996,-0.05576952268,0.0,448.77578238747327,447.84504720222503,447.8613757253363,445.9399074112312
4.020000000000002,2.2560122618,17.1568229267,18.3290338777,0.914000835502,6.10508431673,0.0,2.4101406981,12.8620035635,0.686368706437,0.314127169594,-0.0328794694125,0.0,420.67429744024963,422.65124799234974,424.067693727712,421.33216951676155
4.080000000000001,2.40239348535,17.935062299,18.3603025696,0.932942290406,6.1030178217,0.0,2.46912251295,13.0787631992,0.355068410767,0.318640451957,-0.0377639221816,0.0,434.9973477532509,434.5873818926747,435.3702594844105,435.8519306782139
4.14,2.55273761414,18.7281631028,18.3729706935,0.951973134433,6.10110862688,0.0,2.54210352118,13.3568046705,0.0656929704791,0.314097604728,-0.0220037935762,0.0,461.1283595767993,462.371916418487,460.7480488496774,460.4875703602353
4.199999999999998,2.70720974569,19.5368431733,18.3673607971,0.971231992509,6.09998848946,0.0,2.60671872176,13.5982442952,-0.253853155524,0.332033744764,-0.0127182601649,0.0,450.06491479127396,450.816285567717,448.8605879809494,450.41800832081265
4.259999999999997,2.86555522369,20.3600385056,18.3424911726,0.991633343469,6.09951989116,0.0,2.67114145717,13.8405189943,-0.57644405907,0.352477262839,0.000541580208202,0.0,452.01170159677883,453.07971944111364,452.4297724612259,454.1889967210283
4.319999999999996,3.02769340477,21.1975344819,18.2979884304,1.01251499939,6.09994291677,0.0,2.73307959117,14.0748669438,-0.908319415782,0.337218652601,0.0176339677918,0.0,452.42423383337297,453.7990226624567,452.9992929004566,451.8919743375698
4.379999999999995,3.19388407964,22.0507728653,18.2345003781,1.03324605026,6.10155879204,0.0,2.80601249844,14.3646719984,-1.20977169094,0.358351592749,0.040981320287,0.0,475.7967695701176,477.5819476092523,474.2670130444445,476.00160340761425
4.439999999999993,3.36391646553,22.9191318364,18.1514234433,1.05531712009,6.10466697011,0.0,2.86121441163,14.5793772166,-1.56073552089,0.382100053947,0.0675552555824,0.0,451.728358747713,453.86900275858267,452.48677761367236,454.53106324374863
4.499999999999992,3.53707248636,23.7997401684,18.0468152524,1.07797193745,6.10943358569,0.0,2.91008860858,14.773019918,-1.92739729973,0.36656297872,0.09631578291,0.0,447.95663106840993,450.2954151903842,448.6810262080072,447.5629635460988
4.559999999999991,3.71333630297,24.6932013337,17.9207659399,1.0995708225,6.11557915199,0.0,2.96461601518,15.0073305949,-2.27571016976,0.341731142414,0.112464763132,0.0,465.5805240368029,466.85148120288534,466.86652095047106,465.05000827396344
4.6199999999999894,3.89237724153,25.5985620136,17.7726227555,1.12013559353,6.12198555257,0.0,3.00286850659,15.1702385011,-2.66310312099,0.344697089471,0.0918663894226,0.0,446.42032382816643,444.7450509185549,443.9121639881874,444.27646908896435
4.679999999999988,4.07364657151,26.5136874296,17.6012008873,1.14088373032,6.12726869917,0.0,3.03892763079,15.3326639178,-3.0517123666,0.347919682851,0.0790647446713,0.0,447.04778259336206,446.0090994690215,448.22783516734563,448.61162329665126
4.739999999999987,4.25724930637,27.4398762357,17.4070298683,1.16186182217,6.13228984862,0.0,3.08053203584,15.5384197939,-3.42181550524,0.352852500302,0.0916108641142,0.0,465.83458502615986,466.8205280532533,464.50452669237416,465.0113390430763
4.799999999999986,4.44308331356,28.3771989264,17.190066668,1.18283969023,6.13726254166,0.0,3.11338154896,15.7040367276,-3.81115743849,0.342277861073,0.0530147297777,0.0,456.71492954146413,453.6289909965011,457.7066309487159,456.98567655689834
4.859999999999984,4.63072560628,29.3237525002,16.9494247708,1.20436017888,6.14066737612,0.0,3.14092898209,15.8461614541,-4.21095910114,0.37971340529,0.063323803695,0.0,451.5685550869267,452.4020748919795,450.6081985774024,453.75344310810266
4.919999999999983,4.82030944958,30.2809837989,16.6855792413,1.22735097189,6.14412321057,0.0,3.17787453817,16.0589354896,-4.5853776392,0.389322150324,0.0425553169398,0.0,479.3217213219585,477.74170571566816,479.2763514672391,480.14645756310665
4.979999999999982,5.01181506731,31.2493202652,16.3985745117,1.25072587305,6.1472832054,0.0,3.20512475604,16.2166801354,-4.98256995871,0.390094048201,0.0676396030366,0.0,467.0995471577137,469.05454326278505,466.12271622600275,466.3325894058361
5.0399999999999805,5.20452057468,32.2243733264,16.0867713597,1.27392859739,6.15142987535,0.0,3.21803514874,16.2836785203,-5.41129751972,0.378935481352,0.0719014414307,0.0,440.94254407200395,441.2983864958792,443.35717550607154,442.5940976425288
5.099999999999979,5.39777053482,33.2020067511,15.7488179192,1.29761480829,6.15632690027,0.0,3.22336501055,16.3030823724,-5.85390939118,0.415323112132,0.0961417017844,0.0,428.3714899706337,430.43486291321847,426.8626643562135,430.1233887862732
5.159999999999978,5.59154039941,34.1825417005,15.3848188572,1.32238272362,6.16237720347,0.0,3.23516485278,16.3794631361,-6.28003814202,0.407222042813,0.108874011741,0.0,450.01053759570954,451.0493097407519,451.3585784311213,450.87822165349183
5.219999999999977,5.78602948268,35.1681069468,14.9953401694,1.34773583053,6.16893452279,0.0,3.24727919811,16.4703888791,-6.70333804317,0.442659722055,0.110104600878,0.0,458.92606858315673,459.03391719934257,459.2288887109639,462.20890924195146
5.279999999999975,5.98079675419,36.1556955247,14.5796520602,1.37443730649,6.17579787818,0.0,3.24469650689,16.4479358834,-7.15305576529,0.449362583198,0.121809600682,0.0,427.0795619439353,428.0897043131062,427.3371066891723,428.1235526609349
5.339999999999974,6.17606655751,37.1482246392,14.1382288777,1.40166987023,6.18297482152,0.0,3.26349066555,16.6322678408,-7.56256703447,0.461618904612,0.114826048691,0.0,496.02720810765607,495.52496306865413,495.73366610315986,496.82522807400073
5.399999999999973,6.37171206282,38.1450734139,13.6709605281,1.42923148935,6.19031517442,0.0,3.25776826161,16.5944380474,-8.01315570149,0.454431923094,0.134218751084,0.0,434.44329404195514,436.08127857496055,435.4144744230132,435.0378598563757
5.4599999999999715,6.56703971494,39.1401544691,13.1767558754,1.45607679205,6.19803008758,0.0,3.25285600726,16.5730129802,-8.4604780406,0.427367199765,0.1138726122,0.0,446.337484201803,444.6873198877071,443.80799748839223,441.78763061148453
5.51999999999997,6.76214554663,40.1350935053,12.6558661816,1.48127883473,6.20440901178,0.0,3.25032383434,16.5891514877,-8.90271009637,0.398487254296,0.0835613239728,0.0,460.9634913180372,458.5690487175482,461.60422714464545,459.4930690768027
5.579999999999969,6.95707249181,41.1309951221,12.1084613901,1.50516045458,6.2094541532,0.0,3.24693674918,16.6050336035,-9.34415641234,0.397093507327,0.0851136654745,0.0,465.0418557507411,465.1689611927177,465.0741346104589,465.121573261847
5.639999999999968,7.15149698455,42.1240578347,11.5343687406,1.52879931267,6.21440380789,0.0,3.23380079413,16.4960958974,-9.7917089592,0.386915930682,0.0766640631447,0.0,430.65728875717,429.94708346918895,430.93368723134836,430.2381356778045
5.699999999999966,7.34542057567,43.1148304305,10.9337085871,1.55199824529,6.2186312919,0.0,3.23001023127,16.5265914295,-10.2302524241,0.386111170407,0.0536342506064,0.0,477.6462893775778,475.8885784923841,476.5583088845356,476.6405670942331
5.759999999999965,7.53883949381,44.1034020406,10.3067039831,1.57536187739,6.22166216783,0.0,3.21718647403,16.4244034401,-10.6693269451,0.39524364425,0.0434058939719,0.0,440.9070723885981,440.0620641065456,442.2662028963014,443.1759170415814
5.819999999999964,7.73167361703,45.0889034444,9.65344346392,1.59929776984,6.22418400523,0.0,3.21037744971,16.4225024619,-11.1057925827,0.405420721919,0.0391283964704,0.0,477.0113118376857,476.6850907218486,474.8254194061174,475.7596802587507
5.879999999999963,7.92385986994,46.0703804093,8.97415629196,1.62354442459,6.22650924783,0.0,3.1957441276,16.2919200112,-11.5364478469,0.401363635041,0.0379948202657,0.0,442.5126141538627,442.41994373405,442.3981672269547,442.23418840264657
5.939999999999961,8.11539657578,47.0480743998,8.26892111114,1.64716381576,6.22873814207,0.0,3.18856609944,16.2942415567,-11.9710273187,0.370240564209,0.035399334387,0.0,487.1022944474832,486.90850068378256,487.40451996782866,485.2154076720171
5.99999999999996,8.30640090427,48.0241915214,7.53778395729,1.66930001544,6.23066577247,0.0,3.17807681817,16.240269912,-12.3995464319,0.366201508518,0.0246149988319,0.0,478.1306373513641,477.3078884541836,475.8452575619387,475.66649374793076
6.059999999999959,8.49646773887,48.9912851563,6.78161701208,1.69121323293,6.23238598516,0.0,3.15751658581,15.9963201101,-12.8049665842,0.363188577346,0.035746792003,0.0,420.4682869946359,421.4328325781861,421.7781902932445,421.6632680908051
6.1199999999999575,8.68530222016,49.9436432449,6.0013537495,1.71296880289,6.23473516066,0.0,3.1370142761,15.749062821,-13.2027388021,0.361377819219,0.0452163045816,0.0,419.15378847256403,419.9776308194686,420.3999494137663,420.3868218705479
6.179999999999956,8.87318544494,50.8867153958,5.19662652883,1.73569665266,6.23766911695,0.0,3.12560033884,15.6836731329,-13.6206087291,0.400679719185,0.0553988898663,0.0,478.4059341122188,479.1825831712013,477.15126026431966,480.2786485907707
6.239999999999955,9.06037102526,51.8256557387,4.3669387547,1.75946531739,6.24068114546,0.0,3.1137588923,15.6110372978,-14.0347302558,0.385082089724,0.0369810035391,0.0,482.8936974461888,481.5024207745649,484.00531782429545,482.977534216675
6.299999999999954,9.24676798962,52.7584700487,3.51281889871,1.78235519685,6.2431259054,0.0,3.09938256961,15.4803778215,-14.4348659101,0.373174419954,0.0473740422018,0.0,471.48395315834193,472.2877270374275,471.61490832035275,470.8348621433712
6.359999999999952,9.43221201368,53.6811505569,2.63531280487,1.80463259305,6.24581051836,0.0,3.08208513479,15.2744963998,-14.8142061667,0.367240251549,0.0388835327224,0.0,453.2910159391653,452.6086105940978,452.09659508609457,451.7577133440295
6.419999999999951,9.61662750473,54.5914943391,1.73521984193,1.82640430198,6.24794604027,0.0,3.06508981048,15.0690774281,-15.1877055155,0.352268254768,0.0280287228187,0.0,455.3375295240612,454.4679645690728,455.73107012497525,454.6637890898017
6.47999999999995,9.7999083224,55.4861449601,0.813792047805,1.84746618491,6.24963702343,0.0,3.04434949128,14.7532992433,-15.5254476301,0.348443489282,0.0284898907872,0.0,419.59581761521025,419.6361519671719,420.6382802071592,420.44118657574654
6.5399999999999485,9.98208802586,56.3656675671,0.0,1.86873807275,6.2514174965,0.0,3.02828161202,14.5625591782,-15.89087875,0.364520620639,0.0319440585369,0.0,461.36080977216864,461.63395107110966,460.2382937647028,461.6341886290445
